0.17   -0.12   nan   nan   nan
0.87   0.08   9.17   0.83   -0.83
5.35   -1.13   4.54   0.66   -0.66
7.51   -1.71   1.85   0.15   -0.15
8.74   -0.10   4.60   1.40   -1.40
11.18   0.11   nan   nan   nan
11.18   -0.35   4.20   0.50   -0.50
12.59   0.22   nan   nan   nan
12.83   -0.02   nan   nan   nan
15.42   0.18   7.30   2.50   -2.50
16.73   0.09   14.00   0.10   -0.10
18.95   -1.18   3.15   1.55   -1.55
21.50   -0.89   4.40   0.20   -0.20
24.66   0.59   3.21   0.49   -0.49
25.26   0.27   nan   nan   nan
29.37   0.10   10.50   5.30   -5.30
29.70   -0.24   5.60   0.30   -0.30
34.67   -0.39   2.70   0.60   -0.60
39.24   -0.32   7.85   1.65   -1.65
54.09   0.26   5.65   1.55   -1.55
68.84   2.78   3.05   1.55   -1.55
78.14   2.19   0.98   0.00   -0.00
93.28   6.91   nan   nan   nan
106.27   2.71   0.75   0.05   -0.05
119.58   10.17   1.09   0.02   -0.02
130.73   3.07   2.60   0.60   -0.60
180.17   -1.82   1.40   0.10   -0.10
189.03   2.98   1.35   0.65   -0.65
189.55   3.10   1.50   0.20   -0.20
263.94   -3.37   0.28   0.02   -0.02
291.02   -0.08   6.50   3.50   -3.50
292.03   1.75   6.10   0.10   -0.10
292.16   -0.54   8.90   0.80   -0.80
293.77   0.60   nan   nan   nan
308.81   -0.10   3.92   0.60   -0.60
310.59   -1.60   7.50   2.50   -2.50
315.86   -0.03   3.71   0.18   -0.18
318.91   0.39   3.40   0.32   -0.32
320.38   -1.20   5.20   1.40   -1.40
322.46   -0.11   nan   nan   nan
326.30   -1.76   4.60   1.20   -1.20
327.10   -1.11   6.76   2.24   -2.24
337.17   0.05   14.00   0.00   -0.00
338.32   -0.08   10.50   2.50   -2.50
341.19   0.86   4.30   0.43   -0.43
343.09   -2.31   nan   nan   nan
351.27   0.16   nan   nan   nan
354.19   0.15   nan   nan   nan
nan   nan   nan   nan   nan
nan   nan   nan   nan   nan
nan   nan   nan   nan   nan
nan   nan   nan   nan   nan
